 cycle | current state | outputs | input |  next state
number |    S2 S1 S0   |  A   P  |   T   | S2+ S1+ S0+
-------+---------------+---------+-------+-------------
   0   |     0  0  0   |  1   0  |   0   |  0   0   1
   1   |     0  0  1   |  0   0  |   0   |  0   0   1
   2   |     0  0  1   |  0   0  |   1   |  1   0   1
   3   |     1  0  1   |  1   1  |   1   |  1   0   0
   4   |     1  0  0   |  1   0  |   1   |  1   1   0
   5   |     1  1  0   |  0   0  |   1   |  1   1   0
   6   |     1  1  0   |  0   0  |   0   |  0   1   0
   7   |     0  1  0   |  1   1  |   1   |  1   0   0
   8   |     1  0  0   |  1   0  |   0   |  0   1   0
   9   |     0  1  0   |  1   1  |   0   |  0   0   0
  10   |     0  0  0   |  1   0  |   1   |  1   0   1
  11   |     1  0  1   |  1   1  |   0   |  0   0   0
  12   |     0  0  0   |  1   0  |   0   |  0   0   1
  13   |     0  0  1   |  0   0  |   0   |  0   0   1
  14   |     0  0  1   |  0   0  |   1   |  1   0   1
